5
5
5
5
4.8
4.8
4.71
4.6
4.6
4.6
4.6
4.6
4.4
4.4
4.4
4.4
4.2
4.2
4.2
4.2
4.2
4.2
4.17
4
4
4
4
4
4
4
4
3.9
3.9
3.8
3.8
3.8
3.8
3.8
3.8
3.8
3.8
3.7
3.67
3.6
3.6
3.6
3.6
3.6
3.4
3.4
3.4
3.4
3.4
3.4
3.4
3.2
3.2
3.2
3.2
3.2
3.2
3.2
3.2
3.2
3.1
3.1
3
3
3
3
3
3
3
3
3
2.83
2.83
2.8
2.8
2.8
2.8
2.8
2.7
2.67
2.67
2.67
2.67
2.6
2.6
2.6
2.6
2.6
2.6
2.5
2.47
2.4
2.4
2.4
2.4
2.4
2.4
2.4
2.4
2.4
2.4
2.4
2.4
2.4
2.4
2.33
2.33
2.33
2.33
2.33
2.3
2.2
2.2
2.2
2.2
2.2
2.2
2.2
2.2
2.2
2.17
2.17
2
2
2
2
2
2
2
2
2
2
2
2
2
2
1.9
1.83
1.83
1.83
1.83
1.83
1.83
1.8
1.8
1.8
1.8
1.8
1.8
1.8
1.8
1.67
1.67
1.67
1.67
1.67
1.67
1.67
1.6
1.6
1.6
1.6
1.6
1.6
1.6
1.6
1.6
1.6
1.6
1.6
1.6
1.6
1.6
1.6
1.6
1.6
1.6
1.6
1.5
1.5
1.5
1.5
1.5
1.4
1.4
1.4
1.4
1.4
1.4
1.4
1.4
1.4
1.4
1.33
1.33
1.33
1.33
1.3
1.2
1.2
1.2
1.2
1.2
1.2
1.2
1.2
1.2
1.17
1.17
1.17
1.17
1
1
1
1
1
1
1
1
1
0.91
0.83
0.83
0.83
0.83
0.83
0.8
0.8
0.8
0.8
0.8
0.8
0.8
0.8
0.8
0.8
0.8
0.8
0.8
0.8
0.7
0.7
0.67
0.67
0.67
0.67
0.67
0.6
0.6
0.6
0.6
0.6
0.6
0.6
0.6
0.6
0.6
0.6
0.6
0.6
0.6
0.6
0.6
0.6
0.6
0.6
0.6
0.6
0.6
0.6
0.6
0.5
0.5
0.5
0.5
0.5
0.5
0.4
0.4
0.4
0.4
0.4
0.4
0.33
0.33
0.33
0.2
0.2
0.2
0.2
0.2
0.2
0.2
0.2
0.2
0.08
0
0
0
0
0
0
0
0
0
0
0
0
0
0
0
0
0
0
0
0
0
0
0
0
0
0
0
0
0
0
0
0
0
0
0
0
0
0
0
0
0
0
0
0
0
0
0
0
0
0
0
0
0
0
0
0
0
0
0
0
0
0
0
0
0
0
0
0
0
0
0
0
0
0
0
